{
 "cells": [
  {
   "cell_type": "code",
   "execution_count": 38,
   "metadata": {},
   "outputs": [],
   "source": [
    "import pandas as pd\n",
    "import numpy as np"
   ]
  },
  {
   "cell_type": "code",
   "execution_count": 39,
   "metadata": {},
   "outputs": [],
   "source": [
    "DATE_COLUMN = 'date/time'\n",
    "DATA_URL = ('https://s3-us-west-2.amazonaws.com/'\n",
    "             'streamlit-demo-data/uber-raw-data-sep14.csv.gz')"
   ]
  },
  {
   "cell_type": "code",
   "execution_count": 40,
   "metadata": {},
   "outputs": [
    {
     "data": {
      "text/html": [
       "<div>\n",
       "<style scoped>\n",
       "    .dataframe tbody tr th:only-of-type {\n",
       "        vertical-align: middle;\n",
       "    }\n",
       "\n",
       "    .dataframe tbody tr th {\n",
       "        vertical-align: top;\n",
       "    }\n",
       "\n",
       "    .dataframe thead th {\n",
       "        text-align: right;\n",
       "    }\n",
       "</style>\n",
       "<table border=\"1\" class=\"dataframe\">\n",
       "  <thead>\n",
       "    <tr style=\"text-align: right;\">\n",
       "      <th></th>\n",
       "      <th>Date/Time</th>\n",
       "      <th>Lat</th>\n",
       "      <th>Lon</th>\n",
       "      <th>Base</th>\n",
       "    </tr>\n",
       "  </thead>\n",
       "  <tbody>\n",
       "    <tr>\n",
       "      <th>0</th>\n",
       "      <td>9/1/2014 0:01:00</td>\n",
       "      <td>40.2201</td>\n",
       "      <td>-74.0021</td>\n",
       "      <td>B02512</td>\n",
       "    </tr>\n",
       "    <tr>\n",
       "      <th>1</th>\n",
       "      <td>9/1/2014 0:01:00</td>\n",
       "      <td>40.7500</td>\n",
       "      <td>-74.0027</td>\n",
       "      <td>B02512</td>\n",
       "    </tr>\n",
       "    <tr>\n",
       "      <th>2</th>\n",
       "      <td>9/1/2014 0:03:00</td>\n",
       "      <td>40.7559</td>\n",
       "      <td>-73.9864</td>\n",
       "      <td>B02512</td>\n",
       "    </tr>\n",
       "    <tr>\n",
       "      <th>3</th>\n",
       "      <td>9/1/2014 0:06:00</td>\n",
       "      <td>40.7450</td>\n",
       "      <td>-73.9889</td>\n",
       "      <td>B02512</td>\n",
       "    </tr>\n",
       "    <tr>\n",
       "      <th>4</th>\n",
       "      <td>9/1/2014 0:11:00</td>\n",
       "      <td>40.8145</td>\n",
       "      <td>-73.9444</td>\n",
       "      <td>B02512</td>\n",
       "    </tr>\n",
       "    <tr>\n",
       "      <th>...</th>\n",
       "      <td>...</td>\n",
       "      <td>...</td>\n",
       "      <td>...</td>\n",
       "      <td>...</td>\n",
       "    </tr>\n",
       "    <tr>\n",
       "      <th>1028131</th>\n",
       "      <td>9/30/2014 22:57:00</td>\n",
       "      <td>40.7668</td>\n",
       "      <td>-73.9845</td>\n",
       "      <td>B02764</td>\n",
       "    </tr>\n",
       "    <tr>\n",
       "      <th>1028132</th>\n",
       "      <td>9/30/2014 22:57:00</td>\n",
       "      <td>40.6911</td>\n",
       "      <td>-74.1773</td>\n",
       "      <td>B02764</td>\n",
       "    </tr>\n",
       "    <tr>\n",
       "      <th>1028133</th>\n",
       "      <td>9/30/2014 22:58:00</td>\n",
       "      <td>40.8519</td>\n",
       "      <td>-73.9319</td>\n",
       "      <td>B02764</td>\n",
       "    </tr>\n",
       "    <tr>\n",
       "      <th>1028134</th>\n",
       "      <td>9/30/2014 22:58:00</td>\n",
       "      <td>40.7081</td>\n",
       "      <td>-74.0066</td>\n",
       "      <td>B02764</td>\n",
       "    </tr>\n",
       "    <tr>\n",
       "      <th>1028135</th>\n",
       "      <td>9/30/2014 22:58:00</td>\n",
       "      <td>40.7140</td>\n",
       "      <td>-73.9496</td>\n",
       "      <td>B02764</td>\n",
       "    </tr>\n",
       "  </tbody>\n",
       "</table>\n",
       "<p>1028136 rows × 4 columns</p>\n",
       "</div>"
      ],
      "text/plain": [
       "                  Date/Time      Lat      Lon    Base\n",
       "0          9/1/2014 0:01:00  40.2201 -74.0021  B02512\n",
       "1          9/1/2014 0:01:00  40.7500 -74.0027  B02512\n",
       "2          9/1/2014 0:03:00  40.7559 -73.9864  B02512\n",
       "3          9/1/2014 0:06:00  40.7450 -73.9889  B02512\n",
       "4          9/1/2014 0:11:00  40.8145 -73.9444  B02512\n",
       "...                     ...      ...      ...     ...\n",
       "1028131  9/30/2014 22:57:00  40.7668 -73.9845  B02764\n",
       "1028132  9/30/2014 22:57:00  40.6911 -74.1773  B02764\n",
       "1028133  9/30/2014 22:58:00  40.8519 -73.9319  B02764\n",
       "1028134  9/30/2014 22:58:00  40.7081 -74.0066  B02764\n",
       "1028135  9/30/2014 22:58:00  40.7140 -73.9496  B02764\n",
       "\n",
       "[1028136 rows x 4 columns]"
      ]
     },
     "execution_count": 40,
     "metadata": {},
     "output_type": "execute_result"
    }
   ],
   "source": [
    "data = pd.read_csv(DATA_URL)\n",
    "data"
   ]
  },
  {
   "cell_type": "code",
   "execution_count": 41,
   "metadata": {},
   "outputs": [],
   "source": [
    "lowercase = lambda x: str(x).lower()"
   ]
  },
  {
   "cell_type": "code",
   "execution_count": 42,
   "metadata": {},
   "outputs": [
    {
     "data": {
      "text/html": [
       "<div>\n",
       "<style scoped>\n",
       "    .dataframe tbody tr th:only-of-type {\n",
       "        vertical-align: middle;\n",
       "    }\n",
       "\n",
       "    .dataframe tbody tr th {\n",
       "        vertical-align: top;\n",
       "    }\n",
       "\n",
       "    .dataframe thead th {\n",
       "        text-align: right;\n",
       "    }\n",
       "</style>\n",
       "<table border=\"1\" class=\"dataframe\">\n",
       "  <thead>\n",
       "    <tr style=\"text-align: right;\">\n",
       "      <th></th>\n",
       "      <th>Date/Time</th>\n",
       "      <th>Lat</th>\n",
       "      <th>Lon</th>\n",
       "      <th>Base</th>\n",
       "    </tr>\n",
       "  </thead>\n",
       "  <tbody>\n",
       "    <tr>\n",
       "      <th>0</th>\n",
       "      <td>9/1/2014 0:01:00</td>\n",
       "      <td>40.2201</td>\n",
       "      <td>-74.0021</td>\n",
       "      <td>B02512</td>\n",
       "    </tr>\n",
       "    <tr>\n",
       "      <th>1</th>\n",
       "      <td>9/1/2014 0:01:00</td>\n",
       "      <td>40.7500</td>\n",
       "      <td>-74.0027</td>\n",
       "      <td>B02512</td>\n",
       "    </tr>\n",
       "    <tr>\n",
       "      <th>2</th>\n",
       "      <td>9/1/2014 0:03:00</td>\n",
       "      <td>40.7559</td>\n",
       "      <td>-73.9864</td>\n",
       "      <td>B02512</td>\n",
       "    </tr>\n",
       "    <tr>\n",
       "      <th>3</th>\n",
       "      <td>9/1/2014 0:06:00</td>\n",
       "      <td>40.7450</td>\n",
       "      <td>-73.9889</td>\n",
       "      <td>B02512</td>\n",
       "    </tr>\n",
       "    <tr>\n",
       "      <th>4</th>\n",
       "      <td>9/1/2014 0:11:00</td>\n",
       "      <td>40.8145</td>\n",
       "      <td>-73.9444</td>\n",
       "      <td>B02512</td>\n",
       "    </tr>\n",
       "    <tr>\n",
       "      <th>...</th>\n",
       "      <td>...</td>\n",
       "      <td>...</td>\n",
       "      <td>...</td>\n",
       "      <td>...</td>\n",
       "    </tr>\n",
       "    <tr>\n",
       "      <th>1028131</th>\n",
       "      <td>9/30/2014 22:57:00</td>\n",
       "      <td>40.7668</td>\n",
       "      <td>-73.9845</td>\n",
       "      <td>B02764</td>\n",
       "    </tr>\n",
       "    <tr>\n",
       "      <th>1028132</th>\n",
       "      <td>9/30/2014 22:57:00</td>\n",
       "      <td>40.6911</td>\n",
       "      <td>-74.1773</td>\n",
       "      <td>B02764</td>\n",
       "    </tr>\n",
       "    <tr>\n",
       "      <th>1028133</th>\n",
       "      <td>9/30/2014 22:58:00</td>\n",
       "      <td>40.8519</td>\n",
       "      <td>-73.9319</td>\n",
       "      <td>B02764</td>\n",
       "    </tr>\n",
       "    <tr>\n",
       "      <th>1028134</th>\n",
       "      <td>9/30/2014 22:58:00</td>\n",
       "      <td>40.7081</td>\n",
       "      <td>-74.0066</td>\n",
       "      <td>B02764</td>\n",
       "    </tr>\n",
       "    <tr>\n",
       "      <th>1028135</th>\n",
       "      <td>9/30/2014 22:58:00</td>\n",
       "      <td>40.7140</td>\n",
       "      <td>-73.9496</td>\n",
       "      <td>B02764</td>\n",
       "    </tr>\n",
       "  </tbody>\n",
       "</table>\n",
       "<p>1028136 rows × 4 columns</p>\n",
       "</div>"
      ],
      "text/plain": [
       "                  Date/Time      Lat      Lon    Base\n",
       "0          9/1/2014 0:01:00  40.2201 -74.0021  B02512\n",
       "1          9/1/2014 0:01:00  40.7500 -74.0027  B02512\n",
       "2          9/1/2014 0:03:00  40.7559 -73.9864  B02512\n",
       "3          9/1/2014 0:06:00  40.7450 -73.9889  B02512\n",
       "4          9/1/2014 0:11:00  40.8145 -73.9444  B02512\n",
       "...                     ...      ...      ...     ...\n",
       "1028131  9/30/2014 22:57:00  40.7668 -73.9845  B02764\n",
       "1028132  9/30/2014 22:57:00  40.6911 -74.1773  B02764\n",
       "1028133  9/30/2014 22:58:00  40.8519 -73.9319  B02764\n",
       "1028134  9/30/2014 22:58:00  40.7081 -74.0066  B02764\n",
       "1028135  9/30/2014 22:58:00  40.7140 -73.9496  B02764\n",
       "\n",
       "[1028136 rows x 4 columns]"
      ]
     },
     "execution_count": 42,
     "metadata": {},
     "output_type": "execute_result"
    }
   ],
   "source": [
    "data"
   ]
  },
  {
   "cell_type": "code",
   "execution_count": 43,
   "metadata": {},
   "outputs": [],
   "source": [
    "data.rename(mapper=lowercase, axis='columns', inplace=True)"
   ]
  },
  {
   "cell_type": "code",
   "execution_count": 44,
   "metadata": {},
   "outputs": [
    {
     "data": {
      "text/html": [
       "<div>\n",
       "<style scoped>\n",
       "    .dataframe tbody tr th:only-of-type {\n",
       "        vertical-align: middle;\n",
       "    }\n",
       "\n",
       "    .dataframe tbody tr th {\n",
       "        vertical-align: top;\n",
       "    }\n",
       "\n",
       "    .dataframe thead th {\n",
       "        text-align: right;\n",
       "    }\n",
       "</style>\n",
       "<table border=\"1\" class=\"dataframe\">\n",
       "  <thead>\n",
       "    <tr style=\"text-align: right;\">\n",
       "      <th></th>\n",
       "      <th>date/time</th>\n",
       "      <th>lat</th>\n",
       "      <th>lon</th>\n",
       "      <th>base</th>\n",
       "    </tr>\n",
       "  </thead>\n",
       "  <tbody>\n",
       "    <tr>\n",
       "      <th>0</th>\n",
       "      <td>9/1/2014 0:01:00</td>\n",
       "      <td>40.2201</td>\n",
       "      <td>-74.0021</td>\n",
       "      <td>B02512</td>\n",
       "    </tr>\n",
       "    <tr>\n",
       "      <th>1</th>\n",
       "      <td>9/1/2014 0:01:00</td>\n",
       "      <td>40.7500</td>\n",
       "      <td>-74.0027</td>\n",
       "      <td>B02512</td>\n",
       "    </tr>\n",
       "    <tr>\n",
       "      <th>2</th>\n",
       "      <td>9/1/2014 0:03:00</td>\n",
       "      <td>40.7559</td>\n",
       "      <td>-73.9864</td>\n",
       "      <td>B02512</td>\n",
       "    </tr>\n",
       "    <tr>\n",
       "      <th>3</th>\n",
       "      <td>9/1/2014 0:06:00</td>\n",
       "      <td>40.7450</td>\n",
       "      <td>-73.9889</td>\n",
       "      <td>B02512</td>\n",
       "    </tr>\n",
       "    <tr>\n",
       "      <th>4</th>\n",
       "      <td>9/1/2014 0:11:00</td>\n",
       "      <td>40.8145</td>\n",
       "      <td>-73.9444</td>\n",
       "      <td>B02512</td>\n",
       "    </tr>\n",
       "    <tr>\n",
       "      <th>...</th>\n",
       "      <td>...</td>\n",
       "      <td>...</td>\n",
       "      <td>...</td>\n",
       "      <td>...</td>\n",
       "    </tr>\n",
       "    <tr>\n",
       "      <th>1028131</th>\n",
       "      <td>9/30/2014 22:57:00</td>\n",
       "      <td>40.7668</td>\n",
       "      <td>-73.9845</td>\n",
       "      <td>B02764</td>\n",
       "    </tr>\n",
       "    <tr>\n",
       "      <th>1028132</th>\n",
       "      <td>9/30/2014 22:57:00</td>\n",
       "      <td>40.6911</td>\n",
       "      <td>-74.1773</td>\n",
       "      <td>B02764</td>\n",
       "    </tr>\n",
       "    <tr>\n",
       "      <th>1028133</th>\n",
       "      <td>9/30/2014 22:58:00</td>\n",
       "      <td>40.8519</td>\n",
       "      <td>-73.9319</td>\n",
       "      <td>B02764</td>\n",
       "    </tr>\n",
       "    <tr>\n",
       "      <th>1028134</th>\n",
       "      <td>9/30/2014 22:58:00</td>\n",
       "      <td>40.7081</td>\n",
       "      <td>-74.0066</td>\n",
       "      <td>B02764</td>\n",
       "    </tr>\n",
       "    <tr>\n",
       "      <th>1028135</th>\n",
       "      <td>9/30/2014 22:58:00</td>\n",
       "      <td>40.7140</td>\n",
       "      <td>-73.9496</td>\n",
       "      <td>B02764</td>\n",
       "    </tr>\n",
       "  </tbody>\n",
       "</table>\n",
       "<p>1028136 rows × 4 columns</p>\n",
       "</div>"
      ],
      "text/plain": [
       "                  date/time      lat      lon    base\n",
       "0          9/1/2014 0:01:00  40.2201 -74.0021  B02512\n",
       "1          9/1/2014 0:01:00  40.7500 -74.0027  B02512\n",
       "2          9/1/2014 0:03:00  40.7559 -73.9864  B02512\n",
       "3          9/1/2014 0:06:00  40.7450 -73.9889  B02512\n",
       "4          9/1/2014 0:11:00  40.8145 -73.9444  B02512\n",
       "...                     ...      ...      ...     ...\n",
       "1028131  9/30/2014 22:57:00  40.7668 -73.9845  B02764\n",
       "1028132  9/30/2014 22:57:00  40.6911 -74.1773  B02764\n",
       "1028133  9/30/2014 22:58:00  40.8519 -73.9319  B02764\n",
       "1028134  9/30/2014 22:58:00  40.7081 -74.0066  B02764\n",
       "1028135  9/30/2014 22:58:00  40.7140 -73.9496  B02764\n",
       "\n",
       "[1028136 rows x 4 columns]"
      ]
     },
     "execution_count": 44,
     "metadata": {},
     "output_type": "execute_result"
    }
   ],
   "source": [
    "data"
   ]
  },
  {
   "cell_type": "code",
   "execution_count": 45,
   "metadata": {},
   "outputs": [],
   "source": [
    "data['date/time'] = pd.to_datetime(data['date/time'])"
   ]
  },
  {
   "cell_type": "code",
   "execution_count": 46,
   "metadata": {},
   "outputs": [
    {
     "data": {
      "text/html": [
       "<div>\n",
       "<style scoped>\n",
       "    .dataframe tbody tr th:only-of-type {\n",
       "        vertical-align: middle;\n",
       "    }\n",
       "\n",
       "    .dataframe tbody tr th {\n",
       "        vertical-align: top;\n",
       "    }\n",
       "\n",
       "    .dataframe thead th {\n",
       "        text-align: right;\n",
       "    }\n",
       "</style>\n",
       "<table border=\"1\" class=\"dataframe\">\n",
       "  <thead>\n",
       "    <tr style=\"text-align: right;\">\n",
       "      <th></th>\n",
       "      <th>date/time</th>\n",
       "      <th>lat</th>\n",
       "      <th>lon</th>\n",
       "      <th>base</th>\n",
       "    </tr>\n",
       "  </thead>\n",
       "  <tbody>\n",
       "    <tr>\n",
       "      <th>0</th>\n",
       "      <td>2014-09-01 00:01:00</td>\n",
       "      <td>40.2201</td>\n",
       "      <td>-74.0021</td>\n",
       "      <td>B02512</td>\n",
       "    </tr>\n",
       "    <tr>\n",
       "      <th>1</th>\n",
       "      <td>2014-09-01 00:01:00</td>\n",
       "      <td>40.7500</td>\n",
       "      <td>-74.0027</td>\n",
       "      <td>B02512</td>\n",
       "    </tr>\n",
       "    <tr>\n",
       "      <th>2</th>\n",
       "      <td>2014-09-01 00:03:00</td>\n",
       "      <td>40.7559</td>\n",
       "      <td>-73.9864</td>\n",
       "      <td>B02512</td>\n",
       "    </tr>\n",
       "    <tr>\n",
       "      <th>3</th>\n",
       "      <td>2014-09-01 00:06:00</td>\n",
       "      <td>40.7450</td>\n",
       "      <td>-73.9889</td>\n",
       "      <td>B02512</td>\n",
       "    </tr>\n",
       "    <tr>\n",
       "      <th>4</th>\n",
       "      <td>2014-09-01 00:11:00</td>\n",
       "      <td>40.8145</td>\n",
       "      <td>-73.9444</td>\n",
       "      <td>B02512</td>\n",
       "    </tr>\n",
       "    <tr>\n",
       "      <th>...</th>\n",
       "      <td>...</td>\n",
       "      <td>...</td>\n",
       "      <td>...</td>\n",
       "      <td>...</td>\n",
       "    </tr>\n",
       "    <tr>\n",
       "      <th>1028131</th>\n",
       "      <td>2014-09-30 22:57:00</td>\n",
       "      <td>40.7668</td>\n",
       "      <td>-73.9845</td>\n",
       "      <td>B02764</td>\n",
       "    </tr>\n",
       "    <tr>\n",
       "      <th>1028132</th>\n",
       "      <td>2014-09-30 22:57:00</td>\n",
       "      <td>40.6911</td>\n",
       "      <td>-74.1773</td>\n",
       "      <td>B02764</td>\n",
       "    </tr>\n",
       "    <tr>\n",
       "      <th>1028133</th>\n",
       "      <td>2014-09-30 22:58:00</td>\n",
       "      <td>40.8519</td>\n",
       "      <td>-73.9319</td>\n",
       "      <td>B02764</td>\n",
       "    </tr>\n",
       "    <tr>\n",
       "      <th>1028134</th>\n",
       "      <td>2014-09-30 22:58:00</td>\n",
       "      <td>40.7081</td>\n",
       "      <td>-74.0066</td>\n",
       "      <td>B02764</td>\n",
       "    </tr>\n",
       "    <tr>\n",
       "      <th>1028135</th>\n",
       "      <td>2014-09-30 22:58:00</td>\n",
       "      <td>40.7140</td>\n",
       "      <td>-73.9496</td>\n",
       "      <td>B02764</td>\n",
       "    </tr>\n",
       "  </tbody>\n",
       "</table>\n",
       "<p>1028136 rows × 4 columns</p>\n",
       "</div>"
      ],
      "text/plain": [
       "                  date/time      lat      lon    base\n",
       "0       2014-09-01 00:01:00  40.2201 -74.0021  B02512\n",
       "1       2014-09-01 00:01:00  40.7500 -74.0027  B02512\n",
       "2       2014-09-01 00:03:00  40.7559 -73.9864  B02512\n",
       "3       2014-09-01 00:06:00  40.7450 -73.9889  B02512\n",
       "4       2014-09-01 00:11:00  40.8145 -73.9444  B02512\n",
       "...                     ...      ...      ...     ...\n",
       "1028131 2014-09-30 22:57:00  40.7668 -73.9845  B02764\n",
       "1028132 2014-09-30 22:57:00  40.6911 -74.1773  B02764\n",
       "1028133 2014-09-30 22:58:00  40.8519 -73.9319  B02764\n",
       "1028134 2014-09-30 22:58:00  40.7081 -74.0066  B02764\n",
       "1028135 2014-09-30 22:58:00  40.7140 -73.9496  B02764\n",
       "\n",
       "[1028136 rows x 4 columns]"
      ]
     },
     "execution_count": 46,
     "metadata": {},
     "output_type": "execute_result"
    }
   ],
   "source": [
    "data"
   ]
  },
  {
   "cell_type": "code",
   "execution_count": 47,
   "metadata": {},
   "outputs": [],
   "source": [
    "hist_values = np.histogram(\n",
    "    data[DATE_COLUMN].dt.hour, bins=24, range=(0,24))[0]"
   ]
  },
  {
   "cell_type": "code",
   "execution_count": 52,
   "metadata": {},
   "outputs": [
    {
     "name": "stdout",
     "output_type": "stream",
     "text": [
      "0           0\n",
      "1           0\n",
      "2           0\n",
      "3           0\n",
      "4           0\n",
      "           ..\n",
      "1028131    22\n",
      "1028132    22\n",
      "1028133    22\n",
      "1028134    22\n",
      "1028135    22\n",
      "Name: date/time, Length: 1028136, dtype: int32\n"
     ]
    }
   ],
   "source": [
    "print(data[DATE_COLUMN].dt.hour)"
   ]
  },
  {
   "cell_type": "code",
   "execution_count": 54,
   "metadata": {},
   "outputs": [
    {
     "data": {
      "text/html": [
       "<div>\n",
       "<style scoped>\n",
       "    .dataframe tbody tr th:only-of-type {\n",
       "        vertical-align: middle;\n",
       "    }\n",
       "\n",
       "    .dataframe tbody tr th {\n",
       "        vertical-align: top;\n",
       "    }\n",
       "\n",
       "    .dataframe thead th {\n",
       "        text-align: right;\n",
       "    }\n",
       "</style>\n",
       "<table border=\"1\" class=\"dataframe\">\n",
       "  <thead>\n",
       "    <tr style=\"text-align: right;\">\n",
       "      <th></th>\n",
       "      <th>date/time</th>\n",
       "      <th>lat</th>\n",
       "      <th>lon</th>\n",
       "      <th>base</th>\n",
       "    </tr>\n",
       "  </thead>\n",
       "  <tbody>\n",
       "    <tr>\n",
       "      <th>0</th>\n",
       "      <td>2014-09-01 00:01:00</td>\n",
       "      <td>40.2201</td>\n",
       "      <td>-74.0021</td>\n",
       "      <td>B02512</td>\n",
       "    </tr>\n",
       "    <tr>\n",
       "      <th>1</th>\n",
       "      <td>2014-09-01 00:01:00</td>\n",
       "      <td>40.7500</td>\n",
       "      <td>-74.0027</td>\n",
       "      <td>B02512</td>\n",
       "    </tr>\n",
       "    <tr>\n",
       "      <th>2</th>\n",
       "      <td>2014-09-01 00:03:00</td>\n",
       "      <td>40.7559</td>\n",
       "      <td>-73.9864</td>\n",
       "      <td>B02512</td>\n",
       "    </tr>\n",
       "    <tr>\n",
       "      <th>3</th>\n",
       "      <td>2014-09-01 00:06:00</td>\n",
       "      <td>40.7450</td>\n",
       "      <td>-73.9889</td>\n",
       "      <td>B02512</td>\n",
       "    </tr>\n",
       "    <tr>\n",
       "      <th>4</th>\n",
       "      <td>2014-09-01 00:11:00</td>\n",
       "      <td>40.8145</td>\n",
       "      <td>-73.9444</td>\n",
       "      <td>B02512</td>\n",
       "    </tr>\n",
       "    <tr>\n",
       "      <th>...</th>\n",
       "      <td>...</td>\n",
       "      <td>...</td>\n",
       "      <td>...</td>\n",
       "      <td>...</td>\n",
       "    </tr>\n",
       "    <tr>\n",
       "      <th>1028131</th>\n",
       "      <td>2014-09-30 22:57:00</td>\n",
       "      <td>40.7668</td>\n",
       "      <td>-73.9845</td>\n",
       "      <td>B02764</td>\n",
       "    </tr>\n",
       "    <tr>\n",
       "      <th>1028132</th>\n",
       "      <td>2014-09-30 22:57:00</td>\n",
       "      <td>40.6911</td>\n",
       "      <td>-74.1773</td>\n",
       "      <td>B02764</td>\n",
       "    </tr>\n",
       "    <tr>\n",
       "      <th>1028133</th>\n",
       "      <td>2014-09-30 22:58:00</td>\n",
       "      <td>40.8519</td>\n",
       "      <td>-73.9319</td>\n",
       "      <td>B02764</td>\n",
       "    </tr>\n",
       "    <tr>\n",
       "      <th>1028134</th>\n",
       "      <td>2014-09-30 22:58:00</td>\n",
       "      <td>40.7081</td>\n",
       "      <td>-74.0066</td>\n",
       "      <td>B02764</td>\n",
       "    </tr>\n",
       "    <tr>\n",
       "      <th>1028135</th>\n",
       "      <td>2014-09-30 22:58:00</td>\n",
       "      <td>40.7140</td>\n",
       "      <td>-73.9496</td>\n",
       "      <td>B02764</td>\n",
       "    </tr>\n",
       "  </tbody>\n",
       "</table>\n",
       "<p>1028136 rows × 4 columns</p>\n",
       "</div>"
      ],
      "text/plain": [
       "                  date/time      lat      lon    base\n",
       "0       2014-09-01 00:01:00  40.2201 -74.0021  B02512\n",
       "1       2014-09-01 00:01:00  40.7500 -74.0027  B02512\n",
       "2       2014-09-01 00:03:00  40.7559 -73.9864  B02512\n",
       "3       2014-09-01 00:06:00  40.7450 -73.9889  B02512\n",
       "4       2014-09-01 00:11:00  40.8145 -73.9444  B02512\n",
       "...                     ...      ...      ...     ...\n",
       "1028131 2014-09-30 22:57:00  40.7668 -73.9845  B02764\n",
       "1028132 2014-09-30 22:57:00  40.6911 -74.1773  B02764\n",
       "1028133 2014-09-30 22:58:00  40.8519 -73.9319  B02764\n",
       "1028134 2014-09-30 22:58:00  40.7081 -74.0066  B02764\n",
       "1028135 2014-09-30 22:58:00  40.7140 -73.9496  B02764\n",
       "\n",
       "[1028136 rows x 4 columns]"
      ]
     },
     "execution_count": 54,
     "metadata": {},
     "output_type": "execute_result"
    }
   ],
   "source": [
    "data"
   ]
  },
  {
   "cell_type": "code",
   "execution_count": null,
   "metadata": {},
   "outputs": [],
   "source": []
  }
 ],
 "metadata": {
  "kernelspec": {
   "display_name": "st",
   "language": "python",
   "name": "python3"
  },
  "language_info": {
   "codemirror_mode": {
    "name": "ipython",
    "version": 3
   },
   "file_extension": ".py",
   "mimetype": "text/x-python",
   "name": "python",
   "nbconvert_exporter": "python",
   "pygments_lexer": "ipython3",
   "version": "3.12.4"
  }
 },
 "nbformat": 4,
 "nbformat_minor": 2
}
